 1  2  F  4  5  F  7  8  F  10  11  F  13  14  F  16  17  FB  19  20  F  22  23  F  25  26  F  28  29 
 1  2  3  F  5  6  7  F  9  10  11  F  13  14  15  F  17  18  19  F  21  22  23  F  25  26  27  F  29  30  31  F  33  34  35  F  37  38  39  F  41  42  43  FB  45  46  47  F  49  50  51  F  53  54  55  F  57  58  59  F  61  62  63  F  65  66  67  F  69  70  71  F  73  74  75  F  77  78  79  F  81  82  83  F  85  86  87  FB  89  90  91  F  93  94  95  F  97  98  99  F  101  102  103  F  105  106  107  F  109  110  111  F  113  114  115  F  117  118  119  F  121  122  123  F 
 1  2  3  4  F  6  7  8  9  F  11  12  13  14  F  16  17  18  19  F  21  22  B  24  F  26  27  28  29  F  31  32  33  34  F  36  37  38  39  F  41  42  43  44  F  B  47  48  49  F  51  52  53  54  F  56  57  58  59  F  61  62  63  64  F  66  67  68  B  F  71  72  73  74  F  76  77  78  79  F  81  82  83  84  F  86  87  88 
 1  F  3  F  5  F  7  F  9  F  11  F  13  F  15  F  17  F  19  F  21  F  B  F  25  F  27  F  29  F  31  F  33  F  35  F  37  F  39 
 1  2  3  F  5  6  7  F  9  10  11  F  13  14  15  F  17  18  19  F  21  22  23  F  25  26  27  F  29  30  31  F  33  34  35  F  37  38  39  F  41  42  43  F  45  46  47  F  49  50  51  F  53  54  55  F  57  58  59  F  61  62  63  F  65  B  67  F  69  70  71  F  73  74  75  F  77  78  79  F  81  82  83  F  85  86  87  F  89  90  91  F  93  94  95  F  97  98  99  F  101  102  103  F  105  106  107  F  109  110  111  F  113  114  115  F  117  118  119  F  121  122  123 
 1  2  3  4  F  6  7  8  9  F  11  12  13  14  F  16  17  18  19  F  21  22  23  24  F  26  27  28  29  F  31  32  33  34  F  36  37  38  39  F  41  42  43  44  F  46  47  48  49  F  51  52  53  54  F  56  57  58  59  F  61  62  63  64  F  66  67  68  69  F  71  72  73  74  F  B  77  78  79  F  81  82  83  84  F  86  87  88  89 
 1  2  3  4  5  6  7  8  9  10  11  F  13  14  15  16  17  18  19  20  21  22  23  F  25  26  27  28  29  30  31  32  33  34  35  F  37  38  39  40  41  42  43  44  45  B  47  F  49  50  51  52  53  54  55  56  57  58  59  F  61  62  63  64  65  66  67  68  69  70  71  F  73  74  75  76  77  78  79  80  81  82  83  F  85  86  87  88 
 1  2  3  4  5  6  7  8  9  10  11  12  13  14  15  16  F  18  19  20  21  22  23  24  25  26  27  28  29  30  31  32  33  F  35  36  37  38  39  40  41  42  43  44  45  46  47  48  49  50  F  52  53  54  55  56  57  58  59  60  61  62  63  64  65  66  67  F  69  70  71  72  73  74  75  76  77  78  79  80  81  82  83  84  F  86  87  88  89  90  91  92  93  94  95  96  97  98  B  100  101  F  103  104  105  106  107  108  109  110  111  112  113  114  115  116  117  118  F  120  121  122  123  124 
 1  2  3  4  5  6  7  8  9  10  F  12  13  14  15  16  17  18  19  20  21  F  23  24  25  26  27  28  29  30  31  32  F  34  35  36  37  38  39  40  41  42  43  FB  45  46  47  48  49  50  51  52  53  54  F  56  57  58  59  60  61  62  63  64  65  F  67  68  69 
 1  2  3  4  F  6  7  8  9  F  11  B  13  14  F  16  17  18  19  F  21  22  23  B  F  26  27  28  29  F  31  32  33  34  F  B  37  38  39  F  41  42  43  44  F 
 1  2  3  4  5  6  F  8  B  10  11  12 
 1  2  3  4  5  6  7  8  9  F  11  12  13  14  15  16  17  18  19  F  21  22  23  24  25  26  27  28  29  F  31  32  33  34  35  36  37  38  39  F  41  B  43  44  45  46  47  48  49  F  51  52  53  54  55  56  57  58  59  F  61  62  63  64  65  66  67  68  69  F  71  72  73  74  75  76  77  78  79  F  81  82  83  B  85  86  87  88  89  F  91  92  93  94  95  96  97  98  99 
 1  2  3  4  5  6  7  8  9  10  11  F  13  B  15  16  17  18  19  20  21  22  23  F  25  26  27  B 
 1  2  3  4  5  6  7  8  9  10  11  12  13  14  15  16  F  18  19  20  21  22  23  24  25  26  27  28  29  30  31  32  33  F  35  36  37  38  39  40  41  42  43  44  45  46  47  48  49  50  F  52  53  54  55  56  57  58  59  60  61  62  63  64  65  B  67  F  69  70  71  72  73  74  75  76  77  78  79  80  81  82  83  84  F  86  87  88  89  90  91  92  93  94  95  96  97  98  99  100  101  F  103  104  105  106  107  108  109  110  111  112  113  114  115  116  117  118  F  120  121  122  123  124  125  126  127  128  129  130  131  B  133  134  135  F  137  138  139  140  141  142  143  144  145  146  147  148  149  150  151  152  F  154  155  156 
 1  2  3  4  5  6  7  8  9  10  11  12  13  14  15  16  17  18  19  20  21  22  23  24  25  26  27  28  29  30  31  32  33  34  35  36  37  38  39  40  41  42  43  44  45  46  47  48  49  50  F  52  53  54  55  B  57  58  59  60  61  62  63  64  65  66  67  68  69  70  71  72  73  74  75  76  77  78  79  80  81  82  83  84  85  86  87  88  89  90  91  92  93  94  95  96  97  98  99  100  101  F  103  104  105  106  107  108  109  110  111  B  113  114  115  116  117  118  119  120  121  122  123 
 1  2  3  4  5  6  7  8  9  10  11  12  13  14  15  16  17  18  19  20  21  22  23  24  25  26  27  28  29  30  31  32  33  34  35  36  37  38  39  40  41  42  43  44  45  46  47  48  49  50  51  52  53  54  F  56  57  58  59  60  61  62  63  64  65  66  67  68  69  70  71  72  73  74  75  76  77  B  79  80  81  82  83  84  85  86  87  88  89  90  91  92  93  94  95  96  97  98  99  100  101  102  103  104  105  106  107  108  109  F  111  112  113  114  115  116  117  118  119  120  121  122  123  124  125  126  127  128  129  130  131  132  133  134  135  136  137  138  139  140  141  142  143  144  145  146  147  148  149  150  151  152  153  154 
 1  2  3  4  5  6  7  8  9  10  11  12  13  14  15  16  17  18  19  20  21  22  F  24  25  26  27  28  29  30  31  32  33  34  35  36  37  38  39  40  41  42  43  44  45  F  47  48  49  50  51  52  B  54  55  56  57  58  59  60  61  62  63  64  65  66  67  68  F  70  71  72  73  74  75  76  77  78  79  80  81  82  83  84  85  86  87  88  89  90  91  F  93  94  95  96  97  98  99  100  101  102  103  104  105  B  107  108  109  110  111  112  113  114  F  116  117  118  119  120  121  122  123  124 
 1  2  3  4  5  6  7  8  9  10  11  12  13  14  15  16  17  18  19  20  21  22  23  24  25  26  27  28  29  30  31  32  33  34  35  36  37  38  39  40  41  42  43  44  45  46  47  48  49  50  51  52  53  54  55  56  57  58  59  60  61  62  63  64  65  F  67  68  69  70  71  72  73  74  75  76  77  78  79  80  81  82  83  84  85  86  87  B  89  90  91  92  93  94  95  96  97  98  99  100  101 
 1  2  3  4  5  6  7  8  9  10  11  12  13  14  15  16  17  18  19  20  21  22  23  24  25  26  27  28  29  30  31  32  33  34  35  36  37  38  39  40  F  42  43  44  45  46  47  48  49  50  51  52  53  54  55  56  57  58  59  60  61  62  63  64  65  66  67  68  69  70  71  72  73  74  B  76  77  78  79  80  81  F  83  84  85  86  87  88  89  90  91  92  93  94  95  96  97  98  99  100  101  102  103  104  105  106  107  108  109  110  111  112  113  114  115  116  117  118  119  120  121  122  F  124  125  126  127  128  129  130  131  132  133  134  135  136  137  138  139  140  141  142  143 
 1  2  3  4  5  6  7  8  9  10  11  12  13  F  15  16  17  18  19  20  21  22  23  24  25  26  27  F  29  30  31  32  33  34  35  36  37  38  39  40  41  F  43  44  45  46  47  48  49  50  51  52  53  54  55  F  57  58  59  60  61  62  63  64  65  66  67  68  69  F  71  72  73  74  75  76  B  78  79  80  81  82  83  F  85  86  87  88 
